,user_id,version,minutes_play,day_1_active,day_7_active,cost,gain,minutes_play_integers
0,1,control,2.130890691212184,0.0,0.0,2.0,7.0,2.0
1,2,control,71.68271606595198,0.0,1.0,2.0,7.0,72.0
2,3,control,79.4676421047277,0.0,0.0,2.0,7.0,79.0
3,4,control,77.19175744459166,0.0,1.0,2.0,7.0,77.0
4,5,control,83.88285212437897,1.0,0.0,2.0,7.0,84.0
5,6,control,15.229481216684537,1.0,1.0,2.0,7.0,15.0
6,7,control,24.106807111809548,1.0,0.0,2.0,7.0,24.0
7,8,control,15.682569494333398,0.0,0.0,2.0,7.0,16.0
8,9,control,77.4403363455359,0.0,1.0,2.0,7.0,77.0
9,10,control,5.805466571505724,0.0,1.0,2.0,7.0,6.0
10,11,control,57.45081018325503,1.0,0.0,2.0,7.0,57.0
11,12,control,86.4205149332688,1.0,1.0,2.0,7.0,86.0
12,13,control,29.365922980657167,1.0,0.0,2.0,7.0,29.0
13,14,control,6.023386603789982,0.0,0.0,2.0,7.0,6.0
14,15,control,21.896670735295597,1.0,0.0,2.0,7.0,22.0
15,16,control,70.54677461076079,0.0,1.0,2.0,7.0,71.0
16,17,control,89.25305397497897,1.0,0.0,2.0,7.0,89.0
17,18,control,5.148883463931919,0.0,0.0,2.0,7.0,5.0
18,19,control,65.69298931222804,1.0,1.0,2.0,7.0,66.0
19,20,control,64.2589911199818,1.0,0.0,2.0,7.0,64.0
20,21,control,76.94671754880352,1.0,1.0,2.0,7.0,77.0
21,22,control,18.275820215509174,0.0,1.0,2.0,7.0,18.0
22,23,control,23.584370127936904,0.0,1.0,2.0,7.0,24.0
23,24,control,73.55894675564778,1.0,1.0,2.0,7.0,74.0
24,25,control,63.293256940630485,0.0,1.0,2.0,7.0,63.0
25,26,control,98.35021414346505,0.0,0.0,2.0,7.0,98.0
26,27,control,83.3908261243893,0.0,0.0,2.0,7.0,83.0
27,28,control,6.573143071453503,0.0,1.0,2.0,7.0,7.0
28,29,control,75.72465294107084,1.0,1.0,2.0,7.0,76.0
29,30,control,67.569335606126,1.0,1.0,2.0,7.0,68.0
30,31,control,12.915432922868353,1.0,1.0,2.0,7.0,13.0
31,32,control,62.90564573816545,0.0,1.0,2.0,7.0,63.0
32,33,control,2.95738946968499,1.0,0.0,2.0,7.0,3.0
33,34,control,21.41462566246264,0.0,0.0,2.0,7.0,21.0
34,35,control,54.09069435015781,1.0,1.0,2.0,7.0,54.0
35,36,control,96.94671426585214,0.0,1.0,2.0,7.0,97.0
36,37,control,39.54341375433745,1.0,0.0,2.0,7.0,40.0
37,38,control,21.25134888420415,0.0,1.0,2.0,7.0,21.0
38,39,control,83.20406099152412,1.0,0.0,2.0,7.0,83.0
39,40,control,16.583833210157117,0.0,1.0,2.0,7.0,17.0
40,41,control,46.17506599210773,0.0,0.0,2.0,7.0,46.0
41,42,control,30.52377551676395,1.0,0.0,2.0,7.0,31.0
42,43,control,77.38288331169329,0.0,1.0,2.0,7.0,77.0
43,44,control,94.86944100798037,1.0,0.0,2.0,7.0,95.0
44,45,control,95.29207262131663,1.0,0.0,2.0,7.0,95.0
45,46,control,71.67514223246634,1.0,1.0,2.0,7.0,72.0
46,47,control,79.26952959375058,0.0,0.0,2.0,7.0,79.0
47,48,control,85.1726819338269,1.0,1.0,2.0,7.0,85.0
48,49,control,43.65448060664685,1.0,0.0,2.0,7.0,44.0
49,50,control,46.695411524362754,1.0,0.0,2.0,7.0,47.0
50,51,control,81.08322654875579,0.0,0.0,2.0,7.0,81.0
51,52,control,97.9269129720541,0.0,0.0,2.0,7.0,98.0
52,53,control,30.997513308892543,1.0,1.0,2.0,7.0,31.0
53,54,control,10.686725681315568,0.0,1.0,2.0,7.0,11.0
54,55,control,18.893817020357552,1.0,1.0,2.0,7.0,19.0
55,56,control,5.952542160418528,1.0,0.0,2.0,7.0,6.0
56,57,control,41.1147139948329,1.0,0.0,2.0,7.0,41.0
57,58,control,77.94716064490494,0.0,1.0,2.0,7.0,78.0
58,59,control,78.45734729955267,0.0,0.0,2.0,7.0,78.0
59,60,control,15.388712546837136,0.0,0.0,2.0,7.0,15.0
60,61,control,31.622702523128442,1.0,1.0,2.0,7.0,32.0
61,62,control,1.2564989955779593,1.0,0.0,2.0,7.0,1.0
62,63,control,24.74531262004748,0.0,0.0,2.0,7.0,25.0
63,64,control,60.53872604484286,1.0,1.0,2.0,7.0,61.0
64,65,control,41.365083048586605,0.0,1.0,2.0,7.0,41.0
65,66,control,99.61053744897747,1.0,0.0,2.0,7.0,100.0
66,67,control,13.820363120445512,0.0,1.0,2.0,7.0,14.0
67,68,control,86.76023324754958,1.0,0.0,2.0,7.0,87.0
68,69,control,56.01276364206015,1.0,1.0,2.0,7.0,56.0
69,70,control,19.5365028527005,0.0,0.0,2.0,7.0,20.0
70,71,control,36.089826562184825,0.0,0.0,2.0,7.0,36.0
71,72,control,2.931792484038631,1.0,0.0,2.0,7.0,3.0
72,73,control,38.082311495200926,1.0,0.0,2.0,7.0,38.0
73,74,control,70.32755820549764,0.0,1.0,2.0,7.0,70.0
74,75,control,57.76507996966102,1.0,1.0,2.0,7.0,58.0
75,76,control,78.68714352098407,1.0,1.0,2.0,7.0,79.0
76,77,control,74.88601703962357,1.0,0.0,2.0,7.0,75.0
77,78,control,80.08642366468351,1.0,1.0,2.0,7.0,80.0
78,79,control,78.93704826346209,1.0,0.0,2.0,7.0,79.0
79,80,control,17.49461473110617,0.0,1.0,2.0,7.0,17.0
80,81,control,68.93447156678289,1.0,0.0,2.0,7.0,69.0
81,82,control,78.48690002608558,1.0,0.0,2.0,7.0,78.0
82,83,control,54.021842154502366,0.0,1.0,2.0,7.0,54.0
83,84,control,78.91425712665898,0.0,0.0,2.0,7.0,79.0
84,85,control,84.76424729911055,0.0,1.0,2.0,7.0,85.0
85,86,control,6.141382652470895,0.0,1.0,2.0,7.0,6.0
86,87,control,87.78128337493656,0.0,1.0,2.0,7.0,88.0
87,88,control,23.406369094771605,1.0,1.0,2.0,7.0,23.0
88,89,control,53.08680185595248,1.0,1.0,2.0,7.0,53.0
89,90,control,40.511255301645555,1.0,0.0,2.0,7.0,41.0
90,91,control,32.646917417205344,0.0,0.0,2.0,7.0,33.0
91,92,control,92.63838228836221,1.0,0.0,2.0,7.0,93.0
92,93,control,13.261673676523799,0.0,0.0,2.0,7.0,13.0
93,94,control,48.88913392051981,1.0,0.0,2.0,7.0,49.0
94,95,control,87.71039918832933,0.0,1.0,2.0,7.0,88.0
95,96,control,41.75421714701828,1.0,0.0,2.0,7.0,42.0
96,97,control,70.70749215177196,0.0,1.0,2.0,7.0,71.0
97,98,control,43.295506129157936,0.0,0.0,2.0,7.0,43.0
98,99,control,5.723679715786956,0.0,1.0,2.0,7.0,6.0
99,100,control,90.61128694477225,1.0,1.0,2.0,7.0,91.0
0,1001,treatment_1,46.64083662164359,0.0,0.0,2.0,7.0,47.0
1,1002,treatment_1,63.7420304036872,0.0,1.0,2.0,7.0,64.0
2,1003,treatment_1,78.38198311418,1.0,1.0,2.0,7.0,78.0
3,1004,treatment_1,69.90327741634779,1.0,1.0,2.0,7.0,70.0
4,1005,treatment_1,25.052924683754306,1.0,0.0,2.0,7.0,25.0
5,1006,treatment_1,77.97277427732696,1.0,0.0,2.0,7.0,78.0
6,1007,treatment_1,55.953534189683666,1.0,1.0,2.0,7.0,56.0
7,1008,treatment_1,48.164406305749885,0.0,1.0,2.0,7.0,48.0
8,1009,treatment_1,63.82823909094818,1.0,1.0,2.0,7.0,64.0
9,1010,treatment_1,15.616307815822971,1.0,0.0,2.0,7.0,16.0
10,1011,treatment_1,87.28455888487733,0.0,1.0,2.0,7.0,87.0
11,1012,treatment_1,22.306267811106984,0.0,0.0,2.0,7.0,22.0
12,1013,treatment_1,68.87858160976424,0.0,1.0,2.0,7.0,69.0
13,1014,treatment_1,38.182223257236295,1.0,0.0,2.0,7.0,38.0
14,1015,treatment_1,93.72873138773039,0.0,1.0,2.0,7.0,94.0
15,1016,treatment_1,27.092462544133223,1.0,1.0,2.0,7.0,27.0
16,1017,treatment_1,27.524068985874063,0.0,1.0,2.0,7.0,28.0
17,1018,treatment_1,35.658361841737204,0.0,0.0,2.0,7.0,36.0
18,1019,treatment_1,6.596575815716488,1.0,1.0,2.0,7.0,7.0
19,1020,treatment_1,26.00608631356611,0.0,1.0,2.0,7.0,26.0
20,1021,treatment_1,58.24003078047665,1.0,1.0,2.0,7.0,58.0
21,1022,treatment_1,15.08184750806988,1.0,1.0,2.0,7.0,15.0
22,1023,treatment_1,39.537439761397955,1.0,0.0,2.0,7.0,40.0
23,1024,treatment_1,17.634684406262735,0.0,1.0,2.0,7.0,18.0
24,1025,treatment_1,20.945054409328513,1.0,1.0,2.0,7.0,21.0
25,1026,treatment_1,70.68346683937575,1.0,1.0,2.0,7.0,71.0
26,1027,treatment_1,61.88917645754435,1.0,1.0,2.0,7.0,62.0
27,1028,treatment_1,34.19320152104286,0.0,1.0,2.0,7.0,34.0
28,1029,treatment_1,85.49033478018539,1.0,1.0,2.0,7.0,85.0
29,1030,treatment_1,41.100058217164516,0.0,1.0,2.0,7.0,41.0
30,1031,treatment_1,68.34850373891351,0.0,0.0,2.0,7.0,68.0
31,1032,treatment_1,50.665090362161514,0.0,1.0,2.0,7.0,51.0
32,1033,treatment_1,35.021761728423684,1.0,0.0,2.0,7.0,35.0
33,1034,treatment_1,11.957814661215416,0.0,1.0,2.0,7.0,12.0
34,1035,treatment_1,86.29745642436248,1.0,1.0,2.0,7.0,86.0
35,1036,treatment_1,35.372090323277014,1.0,1.0,2.0,7.0,35.0
36,1037,treatment_1,35.59295048938791,0.0,1.0,2.0,7.0,36.0
37,1038,treatment_1,56.007827893505194,1.0,1.0,2.0,7.0,56.0
38,1039,treatment_1,25.316404962272554,1.0,0.0,2.0,7.0,25.0
39,1040,treatment_1,96.5357326185471,1.0,1.0,2.0,7.0,97.0
40,1041,treatment_1,85.23354644887104,0.0,0.0,2.0,7.0,85.0
41,1042,treatment_1,40.31107053671102,0.0,1.0,2.0,7.0,40.0
42,1043,treatment_1,87.72686796410703,1.0,0.0,2.0,7.0,88.0
43,1044,treatment_1,6.391357116487217,1.0,0.0,2.0,7.0,6.0
44,1045,treatment_1,79.89020410034948,0.0,1.0,2.0,7.0,80.0
45,1046,treatment_1,57.966768780566404,0.0,0.0,2.0,7.0,58.0
46,1047,treatment_1,66.45679822988886,0.0,0.0,2.0,7.0,66.0
47,1048,treatment_1,89.043359513398,0.0,0.0,2.0,7.0,89.0
48,1049,treatment_1,79.14439156061844,0.0,1.0,2.0,7.0,79.0
49,1050,treatment_1,67.3356692001521,1.0,0.0,2.0,7.0,67.0
50,1051,treatment_1,55.38277946186331,0.0,0.0,2.0,7.0,55.0
51,1052,treatment_1,95.73790905028666,1.0,0.0,2.0,7.0,96.0
52,1053,treatment_1,30.261442221375834,1.0,0.0,2.0,7.0,30.0
53,1054,treatment_1,73.06296659742698,1.0,1.0,2.0,7.0,73.0
54,1055,treatment_1,26.514747478186695,0.0,1.0,2.0,7.0,27.0
55,1056,treatment_1,86.1172537539641,0.0,1.0,2.0,7.0,86.0
56,1057,treatment_1,42.49274264891508,1.0,1.0,2.0,7.0,42.0
57,1058,treatment_1,3.8053381574252865,1.0,1.0,2.0,7.0,4.0
58,1059,treatment_1,53.43758229958083,0.0,0.0,2.0,7.0,53.0
59,1060,treatment_1,50.10765509830151,1.0,1.0,2.0,7.0,50.0
60,1061,treatment_1,36.302023453564416,0.0,0.0,2.0,7.0,36.0
61,1062,treatment_1,90.3275992430533,1.0,0.0,2.0,7.0,90.0
62,1063,treatment_1,70.09313170295638,0.0,0.0,2.0,7.0,70.0
63,1064,treatment_1,91.28009200599779,1.0,1.0,2.0,7.0,91.0
64,1065,treatment_1,98.72475192573042,0.0,1.0,2.0,7.0,99.0
65,1066,treatment_1,53.677633147335136,1.0,0.0,2.0,7.0,54.0
66,1067,treatment_1,62.60427977406861,0.0,0.0,2.0,7.0,63.0
67,1068,treatment_1,90.2452493301593,0.0,1.0,2.0,7.0,90.0
68,1069,treatment_1,57.45325577797683,1.0,0.0,2.0,7.0,57.0
69,1070,treatment_1,33.17402401228532,0.0,1.0,2.0,7.0,33.0
70,1071,treatment_1,6.1381969301906425,1.0,1.0,2.0,7.0,6.0
71,1072,treatment_1,52.62383867112164,1.0,0.0,2.0,7.0,53.0
72,1073,treatment_1,92.4450765507229,1.0,0.0,2.0,7.0,92.0
73,1074,treatment_1,90.38146638971375,1.0,0.0,2.0,7.0,90.0
74,1075,treatment_1,63.568925126123055,1.0,1.0,2.0,7.0,64.0
75,1076,treatment_1,60.134568192281435,0.0,1.0,2.0,7.0,60.0
76,1077,treatment_1,7.512764057083565,0.0,0.0,2.0,7.0,8.0
77,1078,treatment_1,40.71443454832937,1.0,0.0,2.0,7.0,41.0
78,1079,treatment_1,41.57344042645516,1.0,1.0,2.0,7.0,42.0
79,1080,treatment_1,40.36712415359596,0.0,1.0,2.0,7.0,40.0
80,1081,treatment_1,4.533809924923638,0.0,0.0,2.0,7.0,5.0
81,1082,treatment_1,26.28661151084404,1.0,1.0,2.0,7.0,26.0
82,1083,treatment_1,31.65794146251979,0.0,0.0,2.0,7.0,32.0
83,1084,treatment_1,34.06603916283254,0.0,1.0,2.0,7.0,34.0
84,1085,treatment_1,56.69061545027642,0.0,1.0,2.0,7.0,57.0
85,1086,treatment_1,49.029483831844566,1.0,1.0,2.0,7.0,49.0
86,1087,treatment_1,23.386809331884518,1.0,1.0,2.0,7.0,23.0
87,1088,treatment_1,94.62061215693043,1.0,0.0,2.0,7.0,95.0
88,1089,treatment_1,77.97924763199873,0.0,0.0,2.0,7.0,78.0
89,1090,treatment_1,87.48407597094004,0.0,0.0,2.0,7.0,87.0
90,1091,treatment_1,50.642427095159114,0.0,0.0,2.0,7.0,51.0
91,1092,treatment_1,44.196437071811765,0.0,1.0,2.0,7.0,44.0
92,1093,treatment_1,95.53707786838923,1.0,0.0,2.0,7.0,96.0
93,1094,treatment_1,93.11934009966949,1.0,1.0,2.0,7.0,93.0
94,1095,treatment_1,99.29985110556133,1.0,0.0,2.0,7.0,99.0
95,1096,treatment_1,5.8898794119706,0.0,1.0,2.0,7.0,6.0
96,1097,treatment_1,3.0303728902069227,1.0,1.0,2.0,7.0,3.0
97,1098,treatment_1,0.8440732598304024,1.0,0.0,2.0,7.0,1.0
98,1099,treatment_1,12.611111504073591,0.0,0.0,2.0,7.0,13.0
99,1100,treatment_1,35.67692942279225,0.0,0.0,2.0,7.0,36.0
0,2001,treatment_2,5.672562885973886,1.0,0.0,2.0,7.0,6.0
1,2002,treatment_2,35.921260281400905,1.0,0.0,2.0,7.0,36.0
2,2003,treatment_2,53.13380713048596,0.0,0.0,2.0,7.0,53.0
3,2004,treatment_2,63.83187345970956,1.0,0.0,2.0,7.0,64.0
4,2005,treatment_2,63.5020617815634,0.0,0.0,2.0,7.0,64.0
5,2006,treatment_2,98.69007427105902,1.0,1.0,2.0,7.0,99.0
6,2007,treatment_2,70.59973736869539,1.0,1.0,2.0,7.0,71.0
7,2008,treatment_2,16.908813836665214,0.0,0.0,2.0,7.0,17.0
8,2009,treatment_2,6.671852415325374,1.0,0.0,2.0,7.0,7.0
9,2010,treatment_2,9.757872138116841,0.0,0.0,2.0,7.0,10.0
10,2011,treatment_2,59.91168692486912,1.0,1.0,2.0,7.0,60.0
11,2012,treatment_2,89.16782093836788,0.0,0.0,2.0,7.0,89.0
12,2013,treatment_2,8.328214186483528,1.0,1.0,2.0,7.0,8.0
13,2014,treatment_2,57.134100906772375,0.0,1.0,2.0,7.0,57.0
14,2015,treatment_2,25.071430720236478,1.0,0.0,2.0,7.0,25.0
15,2016,treatment_2,81.62981748598224,1.0,0.0,2.0,7.0,82.0
16,2017,treatment_2,93.1577157393694,1.0,1.0,2.0,7.0,93.0
17,2018,treatment_2,73.53072083027017,0.0,0.0,2.0,7.0,74.0
18,2019,treatment_2,83.83452358137059,1.0,1.0,2.0,7.0,84.0
19,2020,treatment_2,40.491168181786875,1.0,0.0,2.0,7.0,40.0
20,2021,treatment_2,48.06148467416877,0.0,1.0,2.0,7.0,48.0
21,2022,treatment_2,40.81316474747696,1.0,1.0,2.0,7.0,41.0
22,2023,treatment_2,55.90706271169733,1.0,0.0,2.0,7.0,56.0
23,2024,treatment_2,59.599185665275,0.0,1.0,2.0,7.0,60.0
24,2025,treatment_2,85.16541904909406,0.0,0.0,2.0,7.0,85.0
25,2026,treatment_2,23.12228321942419,0.0,1.0,2.0,7.0,23.0
26,2027,treatment_2,72.90177515803404,0.0,0.0,2.0,7.0,73.0
27,2028,treatment_2,42.19374915083797,1.0,1.0,2.0,7.0,42.0
28,2029,treatment_2,4.19771367473688,0.0,1.0,2.0,7.0,4.0
29,2030,treatment_2,26.56975280013203,1.0,1.0,2.0,7.0,27.0
30,2031,treatment_2,89.17727468046006,1.0,0.0,2.0,7.0,89.0
31,2032,treatment_2,87.31741685683669,1.0,1.0,2.0,7.0,87.0
32,2033,treatment_2,0.03110268147842321,1.0,0.0,2.0,7.0,0.0
33,2034,treatment_2,76.96485341620321,0.0,0.0,2.0,7.0,77.0
34,2035,treatment_2,49.29905162264322,0.0,0.0,2.0,7.0,49.0
35,2036,treatment_2,0.10222234774710515,0.0,0.0,2.0,7.0,0.0
36,2037,treatment_2,95.53353310411323,0.0,0.0,2.0,7.0,96.0
37,2038,treatment_2,53.66170571247899,1.0,1.0,2.0,7.0,54.0
38,2039,treatment_2,62.165586634754824,0.0,0.0,2.0,7.0,62.0
39,2040,treatment_2,88.11911152771923,1.0,1.0,2.0,7.0,88.0
40,2041,treatment_2,46.02701113958957,1.0,0.0,2.0,7.0,46.0
41,2042,treatment_2,32.666257852942906,0.0,1.0,2.0,7.0,33.0
42,2043,treatment_2,49.1597845773464,1.0,1.0,2.0,7.0,49.0
43,2044,treatment_2,61.9201275237676,1.0,1.0,2.0,7.0,62.0
44,2045,treatment_2,98.03688066539902,0.0,0.0,2.0,7.0,98.0
45,2046,treatment_2,61.90460388068265,0.0,0.0,2.0,7.0,62.0
46,2047,treatment_2,83.56224824291067,1.0,0.0,2.0,7.0,84.0
47,2048,treatment_2,57.45895321618724,1.0,0.0,2.0,7.0,57.0
48,2049,treatment_2,83.00366336769409,0.0,1.0,2.0,7.0,83.0
49,2050,treatment_2,91.27067803625701,0.0,0.0,2.0,7.0,91.0
50,2051,treatment_2,75.41490513298324,0.0,0.0,2.0,7.0,75.0
51,2052,treatment_2,42.264197067235884,1.0,1.0,2.0,7.0,42.0
52,2053,treatment_2,69.4069329406115,0.0,0.0,2.0,7.0,69.0
53,2054,treatment_2,73.99428455161632,0.0,1.0,2.0,7.0,74.0
54,2055,treatment_2,41.595686920415034,1.0,0.0,2.0,7.0,42.0
55,2056,treatment_2,35.54620629487033,1.0,0.0,2.0,7.0,36.0
56,2057,treatment_2,92.61864844602513,1.0,1.0,2.0,7.0,93.0
57,2058,treatment_2,24.377986018417054,0.0,0.0,2.0,7.0,24.0
58,2059,treatment_2,93.38049311159091,1.0,1.0,2.0,7.0,93.0
59,2060,treatment_2,50.55984791961406,1.0,0.0,2.0,7.0,51.0
60,2061,treatment_2,5.694273775708869,1.0,0.0,2.0,7.0,6.0
61,2062,treatment_2,59.162723571161,1.0,1.0,2.0,7.0,59.0
62,2063,treatment_2,33.73904460248854,1.0,1.0,2.0,7.0,34.0
63,2064,treatment_2,90.0168806287811,1.0,0.0,2.0,7.0,90.0
64,2065,treatment_2,87.4177055868053,0.0,0.0,2.0,7.0,87.0
65,2066,treatment_2,63.97007138627595,0.0,1.0,2.0,7.0,64.0
66,2067,treatment_2,89.9602416456945,1.0,0.0,2.0,7.0,90.0
67,2068,treatment_2,52.95799038076531,1.0,0.0,2.0,7.0,53.0
68,2069,treatment_2,13.100479348711113,0.0,0.0,2.0,7.0,13.0
69,2070,treatment_2,97.55988336774223,0.0,1.0,2.0,7.0,98.0
70,2071,treatment_2,98.92978678222613,1.0,0.0,2.0,7.0,99.0
71,2072,treatment_2,5.416875146015244,0.0,1.0,2.0,7.0,5.0
72,2073,treatment_2,27.767377896734214,0.0,0.0,2.0,7.0,28.0
73,2074,treatment_2,84.69071581938431,1.0,0.0,2.0,7.0,85.0
74,2075,treatment_2,33.285259558611926,0.0,0.0,2.0,7.0,33.0
75,2076,treatment_2,37.36745484304442,1.0,0.0,2.0,7.0,37.0
76,2077,treatment_2,40.24372416645187,1.0,1.0,2.0,7.0,40.0
77,2078,treatment_2,65.51730684413384,0.0,1.0,2.0,7.0,66.0
78,2079,treatment_2,58.98797316663264,0.0,1.0,2.0,7.0,59.0
79,2080,treatment_2,28.61173205053612,1.0,1.0,2.0,7.0,29.0
80,2081,treatment_2,9.031957657940549,0.0,0.0,2.0,7.0,9.0
81,2082,treatment_2,45.4302283779751,1.0,0.0,2.0,7.0,45.0
82,2083,treatment_2,93.54648284523519,0.0,0.0,2.0,7.0,94.0
83,2084,treatment_2,76.95844693913088,1.0,1.0,2.0,7.0,77.0
84,2085,treatment_2,19.953606777372237,1.0,0.0,2.0,7.0,20.0
85,2086,treatment_2,9.060643722486873,1.0,1.0,2.0,7.0,9.0
86,2087,treatment_2,40.60144072300796,0.0,1.0,2.0,7.0,41.0
87,2088,treatment_2,83.20711751468023,0.0,1.0,2.0,7.0,83.0
88,2089,treatment_2,78.56748571253274,0.0,1.0,2.0,7.0,79.0
89,2090,treatment_2,7.553462345578266,1.0,0.0,2.0,7.0,8.0
90,2091,treatment_2,33.189471645602744,1.0,1.0,2.0,7.0,33.0
91,2092,treatment_2,39.29173000578714,0.0,0.0,2.0,7.0,39.0
92,2093,treatment_2,95.20973642394587,1.0,1.0,2.0,7.0,95.0
93,2094,treatment_2,95.6308765454,0.0,0.0,2.0,7.0,96.0
94,2095,treatment_2,62.632991019080734,1.0,0.0,2.0,7.0,63.0
95,2096,treatment_2,9.692797081752158,1.0,1.0,2.0,7.0,10.0
96,2097,treatment_2,92.61170069305584,0.0,0.0,2.0,7.0,93.0
97,2098,treatment_2,52.41027672123943,1.0,0.0,2.0,7.0,52.0
98,2099,treatment_2,49.83237368784847,0.0,0.0,2.0,7.0,50.0
99,2100,treatment_2,31.553019945572014,1.0,0.0,2.0,7.0,32.0
0,3001,treatment_3,87.94512790887246,0.0,1.0,2.0,7.0,88.0
1,3002,treatment_3,45.63074640884582,1.0,1.0,2.0,7.0,46.0
2,3003,treatment_3,97.66410688415677,1.0,0.0,2.0,7.0,98.0
3,3004,treatment_3,90.464732764289,1.0,1.0,2.0,7.0,90.0
4,3005,treatment_3,40.24551534325652,0.0,0.0,2.0,7.0,40.0
5,3006,treatment_3,70.05789851533973,1.0,0.0,2.0,7.0,70.0
6,3007,treatment_3,73.52696588843277,1.0,1.0,2.0,7.0,74.0
7,3008,treatment_3,12.547515079944061,0.0,0.0,2.0,7.0,13.0
8,3009,treatment_3,65.65607824982744,0.0,0.0,2.0,7.0,66.0
9,3010,treatment_3,98.01784927923455,1.0,0.0,2.0,7.0,98.0
10,3011,treatment_3,64.66810412978788,0.0,1.0,2.0,7.0,65.0
11,3012,treatment_3,50.141910721910776,1.0,0.0,2.0,7.0,50.0
12,3013,treatment_3,26.264314689043456,0.0,0.0,2.0,7.0,26.0
13,3014,treatment_3,57.67699528028054,1.0,1.0,2.0,7.0,58.0
14,3015,treatment_3,59.524905991036114,1.0,0.0,2.0,7.0,60.0
15,3016,treatment_3,89.06807652313145,1.0,0.0,2.0,7.0,89.0
16,3017,treatment_3,43.81319207593718,0.0,1.0,2.0,7.0,44.0
17,3018,treatment_3,10.166390056284413,0.0,0.0,2.0,7.0,10.0
18,3019,treatment_3,71.93400690965895,1.0,1.0,2.0,7.0,72.0
19,3020,treatment_3,85.84592319101898,1.0,0.0,2.0,7.0,86.0
20,3021,treatment_3,86.31005613970822,0.0,1.0,2.0,7.0,86.0
21,3022,treatment_3,14.35636741971571,1.0,0.0,2.0,7.0,14.0
22,3023,treatment_3,69.64550068714065,1.0,1.0,2.0,7.0,70.0
23,3024,treatment_3,75.21315342268572,0.0,1.0,2.0,7.0,75.0
24,3025,treatment_3,47.73967039535848,0.0,0.0,2.0,7.0,48.0
25,3026,treatment_3,75.79277762084253,1.0,0.0,2.0,7.0,76.0
26,3027,treatment_3,40.750363525986245,1.0,1.0,2.0,7.0,41.0
27,3028,treatment_3,12.546605253757981,1.0,1.0,2.0,7.0,13.0
28,3029,treatment_3,5.0342517416589905,0.0,1.0,2.0,7.0,5.0
29,3030,treatment_3,77.25051107131989,0.0,0.0,2.0,7.0,77.0
30,3031,treatment_3,57.93719653842544,1.0,1.0,2.0,7.0,58.0
31,3032,treatment_3,53.81375967119888,1.0,1.0,2.0,7.0,54.0
32,3033,treatment_3,16.576902696416205,1.0,1.0,2.0,7.0,17.0
33,3034,treatment_3,52.956562526002315,1.0,0.0,2.0,7.0,53.0
34,3035,treatment_3,99.62976027331096,0.0,1.0,2.0,7.0,100.0
35,3036,treatment_3,20.404801187079226,1.0,0.0,2.0,7.0,20.0
36,3037,treatment_3,28.036853915763537,1.0,1.0,2.0,7.0,28.0
37,3038,treatment_3,33.19102733298435,1.0,1.0,2.0,7.0,33.0
38,3039,treatment_3,53.41945333028582,0.0,0.0,2.0,7.0,53.0
39,3040,treatment_3,37.34759002146504,1.0,1.0,2.0,7.0,37.0
40,3041,treatment_3,8.500386811222038,0.0,1.0,2.0,7.0,9.0
41,3042,treatment_3,32.364496241574095,0.0,0.0,2.0,7.0,32.0
42,3043,treatment_3,19.491103236056272,1.0,1.0,2.0,7.0,19.0
43,3044,treatment_3,81.35183143873878,1.0,0.0,2.0,7.0,81.0
44,3045,treatment_3,7.9505859421982406,0.0,1.0,2.0,7.0,8.0
45,3046,treatment_3,53.49167177564422,1.0,1.0,2.0,7.0,53.0
46,3047,treatment_3,18.46219160689818,0.0,0.0,2.0,7.0,18.0
47,3048,treatment_3,81.95577648462104,0.0,1.0,2.0,7.0,82.0
48,3049,treatment_3,66.77072676699756,0.0,0.0,2.0,7.0,67.0
49,3050,treatment_3,92.12433520426934,0.0,1.0,2.0,7.0,92.0
50,3051,treatment_3,20.08846150543484,1.0,0.0,2.0,7.0,20.0
51,3052,treatment_3,67.89276229814826,1.0,0.0,2.0,7.0,68.0
52,3053,treatment_3,56.01172452563866,0.0,0.0,2.0,7.0,56.0
53,3054,treatment_3,33.32345381747858,1.0,1.0,2.0,7.0,33.0
54,3055,treatment_3,33.225929328832905,1.0,0.0,2.0,7.0,33.0
55,3056,treatment_3,34.5508910409764,1.0,0.0,2.0,7.0,35.0
56,3057,treatment_3,6.632301431978139,1.0,1.0,2.0,7.0,7.0
57,3058,treatment_3,88.48468507684957,1.0,0.0,2.0,7.0,88.0
58,3059,treatment_3,67.22775566333459,1.0,0.0,2.0,7.0,67.0
59,3060,treatment_3,17.369007792996904,0.0,1.0,2.0,7.0,17.0
60,3061,treatment_3,82.99123240779667,1.0,0.0,2.0,7.0,83.0
61,3062,treatment_3,85.59147595063179,1.0,1.0,2.0,7.0,86.0
62,3063,treatment_3,58.194743847004595,1.0,0.0,2.0,7.0,58.0
63,3064,treatment_3,36.84257427430276,0.0,1.0,2.0,7.0,37.0
64,3065,treatment_3,1.9570305683028533,0.0,1.0,2.0,7.0,2.0
65,3066,treatment_3,58.0363354427736,1.0,0.0,2.0,7.0,58.0
66,3067,treatment_3,43.58349582430463,0.0,1.0,2.0,7.0,44.0
67,3068,treatment_3,65.35419410914959,0.0,0.0,2.0,7.0,65.0
68,3069,treatment_3,1.2029695560247688,1.0,0.0,2.0,7.0,1.0
69,3070,treatment_3,76.76268965020702,1.0,0.0,2.0,7.0,77.0
70,3071,treatment_3,97.32899207263769,1.0,1.0,2.0,7.0,97.0
71,3072,treatment_3,78.81146499627314,0.0,1.0,2.0,7.0,79.0
72,3073,treatment_3,56.21202965572814,1.0,1.0,2.0,7.0,56.0
73,3074,treatment_3,1.386643228332296,1.0,0.0,2.0,7.0,1.0
74,3075,treatment_3,5.739582975436841,1.0,0.0,2.0,7.0,6.0
75,3076,treatment_3,34.67346535002886,1.0,1.0,2.0,7.0,35.0
76,3077,treatment_3,71.86095963349175,1.0,1.0,2.0,7.0,72.0
77,3078,treatment_3,47.4332392726723,1.0,0.0,2.0,7.0,47.0
78,3079,treatment_3,74.0610920658007,1.0,0.0,2.0,7.0,74.0
79,3080,treatment_3,96.33402554664129,1.0,1.0,2.0,7.0,96.0
80,3081,treatment_3,61.00118881768202,0.0,0.0,2.0,7.0,61.0
81,3082,treatment_3,60.719915728241794,0.0,0.0,2.0,7.0,61.0
82,3083,treatment_3,49.26999883119822,1.0,1.0,2.0,7.0,49.0
83,3084,treatment_3,96.44780117234889,1.0,0.0,2.0,7.0,96.0
84,3085,treatment_3,69.56926349692205,1.0,0.0,2.0,7.0,70.0
85,3086,treatment_3,47.99301727581089,1.0,1.0,2.0,7.0,48.0
86,3087,treatment_3,28.660526370923712,1.0,0.0,2.0,7.0,29.0
87,3088,treatment_3,76.55514629099362,0.0,1.0,2.0,7.0,77.0
88,3089,treatment_3,68.60255874778963,0.0,1.0,2.0,7.0,69.0
89,3090,treatment_3,61.85267355076519,1.0,0.0,2.0,7.0,62.0
90,3091,treatment_3,15.690691845838566,0.0,0.0,2.0,7.0,16.0
91,3092,treatment_3,35.016028355298054,1.0,0.0,2.0,7.0,35.0
92,3093,treatment_3,59.225073012926046,0.0,0.0,2.0,7.0,59.0
93,3094,treatment_3,3.0300489101711237,1.0,0.0,2.0,7.0,3.0
94,3095,treatment_3,51.784908471844425,0.0,1.0,2.0,7.0,52.0
95,3096,treatment_3,89.38637575303876,1.0,0.0,2.0,7.0,89.0
96,3097,treatment_3,44.43781696204601,1.0,1.0,2.0,7.0,44.0
97,3098,treatment_3,1.3499785630700978,1.0,1.0,2.0,7.0,1.0
98,3099,treatment_3,68.60300662144509,0.0,0.0,2.0,7.0,69.0
99,3100,treatment_3,6.7552753264562,1.0,0.0,2.0,7.0,7.0
0,4001,treatment_4,48.784421084090134,0.0,1.0,2.0,7.0,49.0
1,4002,treatment_4,55.441752180651186,0.0,0.0,2.0,7.0,55.0
2,4003,treatment_4,50.316784937894255,1.0,0.0,2.0,7.0,50.0
3,4004,treatment_4,91.6412174087215,1.0,1.0,2.0,7.0,92.0
4,4005,treatment_4,40.21248983336797,1.0,1.0,2.0,7.0,40.0
5,4006,treatment_4,45.332173749715224,0.0,1.0,2.0,7.0,45.0
6,4007,treatment_4,87.26215566794777,1.0,1.0,2.0,7.0,87.0
7,4008,treatment_4,57.78779372930152,1.0,0.0,2.0,7.0,58.0
8,4009,treatment_4,37.91117074975304,0.0,0.0,2.0,7.0,38.0
9,4010,treatment_4,76.46887835241678,0.0,1.0,2.0,7.0,76.0
10,4011,treatment_4,84.40986122277526,1.0,0.0,2.0,7.0,84.0
11,4012,treatment_4,24.79795005267168,0.0,0.0,2.0,7.0,25.0
12,4013,treatment_4,77.71710197769853,1.0,1.0,2.0,7.0,78.0
13,4014,treatment_4,85.7173759325588,0.0,0.0,2.0,7.0,86.0
14,4015,treatment_4,66.55331516126061,1.0,1.0,2.0,7.0,67.0
15,4016,treatment_4,19.10824150372441,0.0,0.0,2.0,7.0,19.0
16,4017,treatment_4,38.2642962582474,0.0,0.0,2.0,7.0,38.0
17,4018,treatment_4,96.62549279859303,0.0,0.0,2.0,7.0,97.0
18,4019,treatment_4,32.09465123258506,0.0,0.0,2.0,7.0,32.0
19,4020,treatment_4,80.91681386328999,1.0,0.0,2.0,7.0,81.0
20,4021,treatment_4,17.976899121026825,1.0,0.0,2.0,7.0,18.0
21,4022,treatment_4,37.42321231467359,1.0,0.0,2.0,7.0,37.0
22,4023,treatment_4,14.030160375866208,0.0,1.0,2.0,7.0,14.0
23,4024,treatment_4,45.30817409280685,0.0,0.0,2.0,7.0,45.0
24,4025,treatment_4,23.18947509751136,0.0,1.0,2.0,7.0,23.0
25,4026,treatment_4,95.49623787597716,1.0,0.0,2.0,7.0,95.0
26,4027,treatment_4,43.694380214564276,1.0,0.0,2.0,7.0,44.0
27,4028,treatment_4,69.3382431613642,0.0,1.0,2.0,7.0,69.0
28,4029,treatment_4,36.004770854058975,1.0,1.0,2.0,7.0,36.0
29,4030,treatment_4,86.15153748441374,1.0,1.0,2.0,7.0,86.0
30,4031,treatment_4,15.193692347430654,1.0,0.0,2.0,7.0,15.0
31,4032,treatment_4,21.329634087343173,0.0,1.0,2.0,7.0,21.0
32,4033,treatment_4,75.3473832977399,0.0,0.0,2.0,7.0,75.0
33,4034,treatment_4,13.103061117387039,0.0,1.0,2.0,7.0,13.0
34,4035,treatment_4,66.72629971823952,0.0,1.0,2.0,7.0,67.0
35,4036,treatment_4,53.909758257889884,1.0,0.0,2.0,7.0,54.0
36,4037,treatment_4,44.00267808884249,1.0,0.0,2.0,7.0,44.0
37,4038,treatment_4,85.17606771780576,1.0,0.0,2.0,7.0,85.0
38,4039,treatment_4,98.69461930316905,0.0,0.0,2.0,7.0,99.0
39,4040,treatment_4,8.73086169864845,1.0,1.0,2.0,7.0,9.0
40,4041,treatment_4,61.865082478762446,1.0,1.0,2.0,7.0,62.0
41,4042,treatment_4,40.3699811608128,1.0,0.0,2.0,7.0,40.0
42,4043,treatment_4,50.392354446712375,0.0,0.0,2.0,7.0,50.0
43,4044,treatment_4,75.21253691901912,1.0,0.0,2.0,7.0,75.0
44,4045,treatment_4,48.92066058299807,0.0,1.0,2.0,7.0,49.0
45,4046,treatment_4,18.638614591007176,1.0,0.0,2.0,7.0,19.0
46,4047,treatment_4,17.116634791628826,0.0,1.0,2.0,7.0,17.0
47,4048,treatment_4,54.94052800219197,0.0,1.0,2.0,7.0,55.0
48,4049,treatment_4,99.6753022386542,1.0,0.0,2.0,7.0,100.0
49,4050,treatment_4,60.057203644948096,1.0,0.0,2.0,7.0,60.0
50,4051,treatment_4,14.853982221989547,0.0,1.0,2.0,7.0,15.0
51,4052,treatment_4,8.370303658998656,1.0,0.0,2.0,7.0,8.0
52,4053,treatment_4,60.01361353813086,0.0,1.0,2.0,7.0,60.0
53,4054,treatment_4,69.0398673197103,0.0,1.0,2.0,7.0,69.0
54,4055,treatment_4,89.49209585200447,1.0,1.0,2.0,7.0,89.0
55,4056,treatment_4,8.968421252708115,1.0,0.0,2.0,7.0,9.0
56,4057,treatment_4,75.98206631006312,1.0,1.0,2.0,7.0,76.0
57,4058,treatment_4,17.602438537248155,0.0,1.0,2.0,7.0,18.0
58,4059,treatment_4,10.896482323259015,1.0,1.0,2.0,7.0,11.0
59,4060,treatment_4,96.75394693263254,0.0,1.0,2.0,7.0,97.0
60,4061,treatment_4,19.327835745949596,1.0,0.0,2.0,7.0,19.0
61,4062,treatment_4,91.5554619124555,0.0,0.0,2.0,7.0,92.0
62,4063,treatment_4,24.245195150057796,1.0,0.0,2.0,7.0,24.0
63,4064,treatment_4,94.04739551455064,0.0,1.0,2.0,7.0,94.0
64,4065,treatment_4,52.83456917619919,0.0,0.0,2.0,7.0,53.0
65,4066,treatment_4,80.40009902000908,0.0,0.0,2.0,7.0,80.0
66,4067,treatment_4,34.70143193430347,1.0,1.0,2.0,7.0,35.0
67,4068,treatment_4,28.222568894881917,0.0,1.0,2.0,7.0,28.0
68,4069,treatment_4,33.23286805615453,0.0,0.0,2.0,7.0,33.0
69,4070,treatment_4,26.703607372914306,1.0,1.0,2.0,7.0,27.0
70,4071,treatment_4,30.391873756923882,1.0,0.0,2.0,7.0,30.0
71,4072,treatment_4,99.9748430437078,0.0,1.0,2.0,7.0,100.0
72,4073,treatment_4,69.56113187163646,0.0,0.0,2.0,7.0,70.0
73,4074,treatment_4,52.82897555215761,1.0,1.0,2.0,7.0,53.0
74,4075,treatment_4,71.518984666507,1.0,0.0,2.0,7.0,72.0
75,4076,treatment_4,39.83301346107674,0.0,0.0,2.0,7.0,40.0
76,4077,treatment_4,72.77016693258966,1.0,0.0,2.0,7.0,73.0
77,4078,treatment_4,73.48166233482816,1.0,1.0,2.0,7.0,73.0
78,4079,treatment_4,59.36711530002105,1.0,0.0,2.0,7.0,59.0
79,4080,treatment_4,78.89494510291563,0.0,1.0,2.0,7.0,79.0
80,4081,treatment_4,91.35339111119427,0.0,0.0,2.0,7.0,91.0
81,4082,treatment_4,53.44499368386174,1.0,1.0,2.0,7.0,53.0
82,4083,treatment_4,38.91972705027729,0.0,0.0,2.0,7.0,39.0
83,4084,treatment_4,30.422142047261925,0.0,0.0,2.0,7.0,30.0
84,4085,treatment_4,75.47080428953386,1.0,0.0,2.0,7.0,75.0
85,4086,treatment_4,40.573627113123464,0.0,1.0,2.0,7.0,41.0
86,4087,treatment_4,99.08644509332684,0.0,1.0,2.0,7.0,99.0
87,4088,treatment_4,26.920095773112795,1.0,1.0,2.0,7.0,27.0
88,4089,treatment_4,44.43523220676027,0.0,0.0,2.0,7.0,44.0
89,4090,treatment_4,49.94231887232403,1.0,0.0,2.0,7.0,50.0
90,4091,treatment_4,13.170923723149574,1.0,1.0,2.0,7.0,13.0
91,4092,treatment_4,30.36497604678472,0.0,1.0,2.0,7.0,30.0
92,4093,treatment_4,87.458097051993,0.0,1.0,2.0,7.0,87.0
93,4094,treatment_4,35.68191788019347,0.0,0.0,2.0,7.0,36.0
94,4095,treatment_4,92.32481793633951,1.0,0.0,2.0,7.0,92.0
95,4096,treatment_4,30.41923782676419,1.0,0.0,2.0,7.0,30.0
96,4097,treatment_4,80.56784645105134,0.0,0.0,2.0,7.0,81.0
97,4098,treatment_4,47.0563641309562,0.0,1.0,2.0,7.0,47.0
98,4099,treatment_4,73.34987216863294,0.0,1.0,2.0,7.0,73.0
99,4100,treatment_4,2.879422005628518,0.0,1.0,2.0,7.0,3.0
0,5001,treatment_5,87.44304936678728,1.0,0.0,2.0,7.0,87.0
1,5002,treatment_5,15.313097060005509,1.0,0.0,2.0,7.0,15.0
2,5003,treatment_5,13.911830418473537,0.0,0.0,2.0,7.0,14.0
3,5004,treatment_5,4.41662136417047,0.0,0.0,2.0,7.0,4.0
4,5005,treatment_5,82.39876928340833,0.0,1.0,2.0,7.0,82.0
5,5006,treatment_5,3.855875951527965,0.0,0.0,2.0,7.0,4.0
6,5007,treatment_5,69.26620467325777,0.0,1.0,2.0,7.0,69.0
7,5008,treatment_5,22.460904572375618,0.0,1.0,2.0,7.0,22.0
8,5009,treatment_5,96.79362116367241,0.0,1.0,2.0,7.0,97.0
9,5010,treatment_5,61.57812788267552,0.0,1.0,2.0,7.0,62.0
10,5011,treatment_5,44.55629308730783,0.0,1.0,2.0,7.0,45.0
11,5012,treatment_5,98.13954605106495,1.0,0.0,2.0,7.0,98.0
12,5013,treatment_5,68.84017330156469,0.0,1.0,2.0,7.0,69.0
13,5014,treatment_5,50.91845263742869,0.0,1.0,2.0,7.0,51.0
14,5015,treatment_5,8.838944538016813,1.0,1.0,2.0,7.0,9.0
15,5016,treatment_5,2.3450972594281527,1.0,1.0,2.0,7.0,2.0
16,5017,treatment_5,88.34333554865918,0.0,0.0,2.0,7.0,88.0
17,5018,treatment_5,90.28833615952882,0.0,0.0,2.0,7.0,90.0
18,5019,treatment_5,85.56618827154665,1.0,1.0,2.0,7.0,86.0
19,5020,treatment_5,17.18849079362659,0.0,0.0,2.0,7.0,17.0
20,5021,treatment_5,32.48167088046199,0.0,0.0,2.0,7.0,32.0
21,5022,treatment_5,29.064530463839045,1.0,1.0,2.0,7.0,29.0
22,5023,treatment_5,75.29111010914158,0.0,1.0,2.0,7.0,75.0
23,5024,treatment_5,45.159505626220664,0.0,1.0,2.0,7.0,45.0
24,5025,treatment_5,15.172739959124925,0.0,0.0,2.0,7.0,15.0
25,5026,treatment_5,75.55415133918856,1.0,1.0,2.0,7.0,76.0
26,5027,treatment_5,54.32420548718399,1.0,0.0,2.0,7.0,54.0
27,5028,treatment_5,23.187541560568715,0.0,0.0,2.0,7.0,23.0
28,5029,treatment_5,45.959958386244004,1.0,1.0,2.0,7.0,46.0
29,5030,treatment_5,81.62577711879567,0.0,1.0,2.0,7.0,82.0
30,5031,treatment_5,27.034000560870474,1.0,0.0,2.0,7.0,27.0
31,5032,treatment_5,66.85682171253592,0.0,1.0,2.0,7.0,67.0
32,5033,treatment_5,28.309686241962662,1.0,1.0,2.0,7.0,28.0
33,5034,treatment_5,3.2413350161519694,0.0,0.0,2.0,7.0,3.0
34,5035,treatment_5,91.75991104671083,1.0,0.0,2.0,7.0,92.0
35,5036,treatment_5,69.14736335203617,1.0,0.0,2.0,7.0,69.0
36,5037,treatment_5,51.96677430390548,0.0,0.0,2.0,7.0,52.0
37,5038,treatment_5,9.753419722688129,1.0,1.0,2.0,7.0,10.0
38,5039,treatment_5,46.83759559283517,0.0,0.0,2.0,7.0,47.0
39,5040,treatment_5,18.807835580435437,0.0,1.0,2.0,7.0,19.0
40,5041,treatment_5,37.39056952714471,1.0,1.0,2.0,7.0,37.0
41,5042,treatment_5,4.222067672509655,1.0,1.0,2.0,7.0,4.0
42,5043,treatment_5,40.92578275656159,1.0,0.0,2.0,7.0,41.0
43,5044,treatment_5,30.316205357842353,0.0,1.0,2.0,7.0,30.0
44,5045,treatment_5,45.483205885081134,1.0,0.0,2.0,7.0,45.0
45,5046,treatment_5,99.00995912842524,1.0,0.0,2.0,7.0,99.0
46,5047,treatment_5,81.88059909106292,1.0,1.0,2.0,7.0,82.0
47,5048,treatment_5,8.041504263733978,0.0,1.0,2.0,7.0,8.0
48,5049,treatment_5,17.033245480361902,1.0,0.0,2.0,7.0,17.0
49,5050,treatment_5,98.14814145552059,0.0,1.0,2.0,7.0,98.0
50,5051,treatment_5,21.96636659403137,0.0,1.0,2.0,7.0,22.0
51,5052,treatment_5,3.5075112663937924,0.0,1.0,2.0,7.0,4.0
52,5053,treatment_5,80.39294007151338,1.0,1.0,2.0,7.0,80.0
53,5054,treatment_5,46.62716343023921,1.0,1.0,2.0,7.0,47.0
54,5055,treatment_5,3.454924012516103,0.0,1.0,2.0,7.0,3.0
55,5056,treatment_5,51.844297711062836,1.0,1.0,2.0,7.0,52.0
56,5057,treatment_5,93.70571798669238,0.0,0.0,2.0,7.0,94.0
57,5058,treatment_5,5.236423610407959,0.0,1.0,2.0,7.0,5.0
58,5059,treatment_5,43.018958745827476,1.0,1.0,2.0,7.0,43.0
59,5060,treatment_5,85.70336437060217,0.0,0.0,2.0,7.0,86.0
60,5061,treatment_5,88.91827795525103,1.0,0.0,2.0,7.0,89.0
61,5062,treatment_5,9.301572559563475,0.0,0.0,2.0,7.0,9.0
62,5063,treatment_5,92.52078912789544,1.0,0.0,2.0,7.0,93.0
63,5064,treatment_5,21.754883821196902,0.0,0.0,2.0,7.0,22.0
64,5065,treatment_5,61.88795499046758,0.0,0.0,2.0,7.0,62.0
65,5066,treatment_5,88.96538067732565,0.0,1.0,2.0,7.0,89.0
66,5067,treatment_5,41.4581159351711,1.0,0.0,2.0,7.0,41.0
67,5068,treatment_5,59.49588320927967,0.0,0.0,2.0,7.0,59.0
68,5069,treatment_5,28.716470441115348,0.0,0.0,2.0,7.0,29.0
69,5070,treatment_5,81.65429965893942,0.0,1.0,2.0,7.0,82.0
70,5071,treatment_5,88.39470959535427,0.0,1.0,2.0,7.0,88.0
71,5072,treatment_5,31.1293494438693,1.0,0.0,2.0,7.0,31.0
72,5073,treatment_5,92.45293943620771,0.0,0.0,2.0,7.0,92.0
73,5074,treatment_5,59.339991071973856,1.0,1.0,2.0,7.0,59.0
74,5075,treatment_5,50.94233657001623,0.0,1.0,2.0,7.0,51.0
75,5076,treatment_5,34.453020421433266,0.0,0.0,2.0,7.0,34.0
76,5077,treatment_5,32.55666307380069,0.0,0.0,2.0,7.0,33.0
77,5078,treatment_5,24.512467327719367,0.0,1.0,2.0,7.0,25.0
78,5079,treatment_5,59.94082924503344,1.0,1.0,2.0,7.0,60.0
79,5080,treatment_5,32.521135507534005,0.0,0.0,2.0,7.0,33.0
80,5081,treatment_5,26.723920739255757,0.0,1.0,2.0,7.0,27.0
81,5082,treatment_5,38.98551128964745,0.0,0.0,2.0,7.0,39.0
82,5083,treatment_5,78.12240485346106,1.0,1.0,2.0,7.0,78.0
83,5084,treatment_5,57.5262380808225,1.0,0.0,2.0,7.0,58.0
84,5085,treatment_5,3.2394531290439788,1.0,0.0,2.0,7.0,3.0
85,5086,treatment_5,46.92658084333241,1.0,1.0,2.0,7.0,47.0
86,5087,treatment_5,2.6864080079359365,1.0,0.0,2.0,7.0,3.0
87,5088,treatment_5,92.84363839015907,0.0,1.0,2.0,7.0,93.0
88,5089,treatment_5,50.888084946240696,1.0,1.0,2.0,7.0,51.0
89,5090,treatment_5,67.48375641672455,0.0,1.0,2.0,7.0,67.0
90,5091,treatment_5,8.364827844467271,1.0,0.0,2.0,7.0,8.0
91,5092,treatment_5,71.31631674324692,1.0,1.0,2.0,7.0,71.0
92,5093,treatment_5,87.1589561959684,1.0,0.0,2.0,7.0,87.0
93,5094,treatment_5,95.74803155997122,0.0,0.0,2.0,7.0,96.0
94,5095,treatment_5,42.606170224188,0.0,0.0,2.0,7.0,43.0
95,5096,treatment_5,73.59259493807467,0.0,0.0,2.0,7.0,74.0
96,5097,treatment_5,76.79616665443532,0.0,1.0,2.0,7.0,77.0
97,5098,treatment_5,10.988515328603189,0.0,0.0,2.0,7.0,11.0
98,5099,treatment_5,91.17937323842376,0.0,1.0,2.0,7.0,91.0
99,5100,treatment_5,48.38514648083,1.0,0.0,2.0,7.0,48.0
